0 0 pic-1424819956.txt
150 -150 0
150 -150 0
0 0 0
0 0 0
-150 150 0
-150 150 0
0 0 0
0 0 0
150 150 0
150 150 0
0 0 0
0 0 0
150 -150 0
150 -150 0
0 0 0
0 0 0
0 0 pic-1424819974.txt
0 0 0
0 0 0
-150 150 0
-150 150 0
0 0 0
0 0 0
150 150 0
150 150 0
0 0 0
0 0 0
150 -150 0
150 -150 0
0 0 0
0 0 0
0 0 pic-1424819988.txt
0 0 0
0 0 0
-150 150 0
-150 150 0
0 0 0
0 0 0
150 150 0
150 150 0
0 0 0
0 0 0
0 0 pic-1424820002.txt
0 0 0
0 0 0
-150 150 0
-150 150 0
0 0 0
0 0 0
150 150 0
150 150 0
0 0 0
0 0 0
150 -150 0
150 -150 0
0 0 0
0 0 0
0 0 pic-1424820020.txt
0 0 0
0 0 0
-150 150 0
-150 150 0
0 0 0
0 0 0
150 150 0
150 150 0
0 0 0
0 0 0
-150 150 0
-150 150 0
0 0 0
0 0 0
-150 150 0
-150 150 0
0 0 0
0 0 0
150 -150 0
150 -150 0
0 0 0
0 0 0
0 0 pic-1424820042.txt
0 0 0
0 0 0
150 150 0
150 150 0
0 0 0
0 0 0
150 -150 0
150 -150 0
0 0 0
0 0 0
0 0 pic-1424820056.txt
0 0 0
0 0 0
-150 -150 0
-150 -150 0
0 0 0
0 0 0
0 0 0
0 0 0
-150 -150 0
-150 -150 0
0 0 0
0 0 0
-150 150 0
-150 150 0
0 0 0
0 0 0
0 0 pic-1424820078.txt
0 0 0
0 0 0
150 150 0
150 150 0
0 0 0
0 0 0
150 -150 0
150 -150 0
0 0 0
0 0 0
-150 -150 0
-150 -150 0
0 0 0
0 0 0
-150 150 0
-150 150 0
0 0 0
0 0 0
0 0 pic-1424820101.txt
0 0 0
0 0 0
150 -150 0
150 -150 0
0 0 0
0 0 0
-150 -150 0
-150 -150 0
0 0 0
0 0 0
150 -150 0
150 -150 0
0 0 0
0 0 0
0 0 0
0 0 0
0 0 0
150 -150 0
150 -150 0
0 0 0
0 0 0
0 0 pic-1424820118.txt
0 0 0
0 0 0
150 -150 0
150 -150 0
0 0 0
0 0 0
150 150 0
150 150 0
0 0 0
0 0 0
150 -150 0
150 -150 0
150 -150 0
150 -150 0
150 -150 0
0 0 0
0 0 0
-150 150 0
-150 150 0
0 0 0
0 0 0
0 0 pic-1424820147.txt
0 0 0
0 0 0
-150 150 0
-150 150 0
0 0 0
0 0 0
150 150 0
150 150 0
0 0 0
0 0 0
150 -150 0
150 -150 0
0 0 0
0 0 0
0 0 pic-1424820166.txt
0 0 0
0 0 0
150 -150 0
150 -150 0
0 0 0
0 0 0
0 0 pic-1424820174.txt
0 0 0
0 0 0
150 -150 0
150 -150 0
0 0 0
0 0 0
150 150 0
150 150 0
0 0 0
0 0 0
-150 150 0
-150 150 0
0 0 0
0 0 0
0 0 pic-1424820189.txt
0 0 0
0 0 0
-150 150 0
-150 150 0
0 0 0
0 0 0
150 150 0
150 150 0
0 0 0
0 0 0
0 0 pic-1424820209.txt
0 0 0
0 0 0
-150 150 0
-150 150 0
0 0 0
0 0 0
150 150 0
150 150 0
0 0 0
0 0 0
150 -150 0
150 -150 0
0 0 0
0 0 0
0 0 pic-1424820231.txt
0 0 0
0 0 0
-150 150 0
-150 150 0
0 0 0
0 0 0
150 150 0
150 150 0
0 0 0
0 0 0
0 0 pic-1424820242.txt
0 0 0
0 0 0
0 0 pic-1424820249.txt
