0 0 0
0 0 data/pic-10042742721007.jpg
100 100 0
100 100 0
100 100 0
0 0 0
0 0 data/pic-10042742721009.jpg
100 100 0
100 100 0
100 100 0
0 0 0
0 0 data/pic-100427427220.jpg
100 100 0
100 100 0
100 100 0
0 0 0
0 0 data/pic-10042742722100.jpg
100 100 0
100 100 0
100 100 0
0 0 0
0 0 data/pic-100427427223.jpg
100 100 0
100 100 0
100 100 0
0 0 0
0 0 data/pic-100427427224.jpg
100 100 0
100 100 0
100 100 0
0 0 0
0 0 data/pic-100427427226.jpg
100 100 0
100 100 0
100 100 0
0 0 0
0 0 data/pic-100427427227.jpg
100 100 0
100 100 0
100 100 0
0 0 0
0 0 data/pic-100427427229.jpg
60 100 0
60 100 0
60 100 0
0 0 0
0 0 data/pic-100427427230.jpg
60 100 0
60 100 0
60 100 0
0 0 0
0 0 data/pic-100427427232.jpg
60 100 0
60 100 0
60 100 0
0 0 0
0 0 data/pic-100427427233.jpg
60 100 0
60 100 0
60 100 0
0 0 0
0 0 data/pic-100427427235.jpg
60 100 0
60 100 0
60 100 0
0 0 0
0 0 data/pic-100427427236.jpg
60 100 0
60 100 0
60 100 0
0 0 0
0 0 data/pic-100427427238.jpg
60 100 0
60 100 0
60 100 0
0 0 0
0 0 data/pic-100427427239.jpg
60 100 0
60 100 0
60 100 0
0 0 0
0 0 data/pic-10042742724100.jpg
60 100 0
60 100 0
60 100 0
0 0 0
0 0 data/pic-100427427242.jpg
60 100 0
60 100 0
60 100 0
0 0 0
0 0 data/pic-100427427244.jpg
60 100 0
60 100 0
60 100 0
0 0 0
0 0 data/pic-100427427245.jpg
60 100 0
60 100 0
60 100 0
0 0 0
0 0 data/pic-100427427247.jpg
100 100 0
100 100 0
100 100 0
0 0 0
0 0 data/pic-100427427248.jpg
100 100 0
100 100 0
100 100 0
0 0 0
0 0 data/pic-10042742250.jpg
100 100 0
100 100 0
100 100 0
0 0 0
0 0 data/pic-1004274225100.jpg
100 100 0
100 100 0
100 100 0
0 0 0
0 0 data/pic-10042742253.jpg
100 100 0
100 100 0
100 100 0
0 0 0
0 0 data/pic-10042742254.jpg
100 100 0
100 100 0
100 100 0
0 0 0
0 0 data/pic-10042742256.jpg
60 100 0
60 100 0
60 100 0
0 0 0
0 0 data/pic-10042742257.jpg
60 100 0
60 100 0
60 100 0
0 0 0
0 0 data/pic-10042742259.jpg
60 100 0
60 100 0
60 100 0
0 0 0
0 0 data/pic-100427427260.jpg
60 100 0
60 100 0
60 100 0
0 0 0
0 0 data/pic-100427427262.jpg
60 100 0
60 100 0
60 100 0
0 0 0
0 0 data/pic-100427427263.jpg
60 100 0
60 100 0
60 100 0
0 0 0
0 0 data/pic-100427427265.jpg
60 100 0
60 100 0
60 100 0
0 0 0
0 0 data/pic-100427427266.jpg
60 100 0
60 100 0
60 100 0
0 0 0
0 0 data/pic-100427427268.jpg
60 100 0
60 100 0
60 100 0
0 0 0
0 0 data/pic-100427427269.jpg
60 100 0
60 100 0
60 100 0
0 0 0
0 0 data/pic-10042742727100.jpg
60 100 0
60 100 0
60 100 0
0 0 0
0 0 data/pic-100427427272.jpg
100 100 0
100 100 0
100 100 0
0 0 0
0 0 data/pic-100427427274.jpg
100 100 0
100 100 0
100 100 0
0 0 0
0 0 data/pic-100427427275.jpg
100 100 0
100 100 0
100 100 0
0 0 0
0 0 data/pic-100427427277.jpg
100 100 0
100 100 0
100 100 0
0 0 0
0 0 data/pic-100427427278.jpg
100 100 0
100 100 0
100 100 0
0 0 0
0 0 data/pic-100427427280.jpg
100 100 0
100 100 0
100 100 0
0 0 0
0 0 data/pic-10042742728100.jpg
100 100 0
100 100 0
100 100 0
0 0 0
0 0 data/pic-100427427283.jpg
100 100 0
100 100 0
100 100 0
0 0 0
0 0 data/pic-100427427284.jpg
100 100 0
100 100 0
100 100 0
0 0 0
0 0 data/pic-100427427286.jpg
100 100 0
100 100 0
100 100 0
0 0 0
0 0 data/pic-100427427287.jpg
100 100 0
100 100 0
100 100 0
0 0 0
0 0 data/pic-100427427289.jpg
100 100 0
100 100 0
100 100 0
0 0 0
0 0 data/pic-100427427290.jpg
100 100 0
100 100 0
100 100 0
0 0 0
0 0 data/pic-100427427292.jpg
100 100 0
100 100 0
100 100 0
0 0 0
0 0 data/pic-100427427293.jpg
100 100 0
100 100 0
100 100 0
0 0 0
0 0 data/pic-100427427295.jpg
100 100 0
100 100 0
100 100 0
0 0 0
0 0 data/pic-100427427296.jpg
100 100 0
100 100 0
100 100 0
0 0 0
0 0 data/pic-100427427298.jpg
100 100 0
100 100 0
100 100 0
0 0 0
0 0 data/pic-100427427299.jpg
100 100 0
100 100 0
100 100 0
0 0 0
0 0 data/pic-10042742730100.jpg
100 100 0
100 100 0
100 100 0
0 0 0
0 0 data/pic-100427427302.jpg
100 100 0
100 100 0
100 100 0
0 0 0
0 0 data/pic-100427427304.jpg
100 100 0
100 100 0
100 100 0
0 0 0
0 0 data/pic-100427427305.jpg
100 100 0
100 100 0
100 100 0
0 0 0
0 0 data/pic-100427427307.jpg
100 100 0
100 100 0
100 100 0
0 0 0
0 0 data/pic-100427427308.jpg
100 100 0
100 100 0
100 100 0
0 0 0
0 0 data/pic-10042742731000.jpg
60 100 0
60 100 0
60 100 0
0 0 0
0 0 data/pic-1004274273100100.jpg
60 100 0
60 100 0
60 100 0
0 0 0
0 0 data/pic-10042742731003.jpg
60 100 0
60 100 0
60 100 0
0 0 0
0 0 data/pic-10042742731004.jpg
60 100 0
60 100 0
60 100 0
0 0 0
0 0 data/pic-1004274273160.jpg
60 100 0
60 100 0
60 100 0
0 0 0
0 0 data/pic-10042742731007.jpg
100 100 0
100 100 0
100 100 0
0 0 0
0 0 data/pic-10042742731009.jpg
100 100 0
100 100 0
100 100 0
0 0 0
0 0 data/pic-100427427320.jpg
100 100 0
100 100 0
100 100 0
0 0 0
0 0 data/pic-10042742732100.jpg
100 100 0
100 100 0
100 100 0
0 0 0
0 0 data/pic-100427427323.jpg
100 100 0
100 100 0
100 100 0
0 0 0
0 0 data/pic-10042742725.jpg
100 100 0
100 100 0
100 100 0
0 0 0
0 0 data/pic-100427427326.jpg
100 100 0
100 100 0
100 100 0
0 0 0
0 0 data/pic-100427427328.jpg
100 100 0
100 100 0
100 100 0
0 0 0
0 0 data/pic-100427427329.jpg
100 30 0
100 30 0
100 30 0
0 0 0
0 0 data/pic-10042742733100.jpg
100 30 0
100 30 0
100 30 0
0 0 0
0 0 data/pic-100427427333.jpg
100 30 0
100 30 0
100 30 0
0 0 0
0 0 data/pic-100427427334.jpg
100 100 0
100 100 0
100 100 0
0 0 0
0 0 data/pic-100427427336.jpg
100 100 0
100 100 0
100 100 0
0 0 0
0 0 data/pic-100427427337.jpg
100 100 0
100 100 0
100 100 0
0 0 0
0 0 data/pic-100427427339.jpg
100 100 0
100 100 0
100 100 0
0 0 0
0 0 data/pic-10042742734100.jpg
100 100 0
100 100 0
100 100 0
0 0 0
0 0 data/pic-100427427342.jpg
100 100 0
100 100 0
100 100 0
0 0 0
0 0 data/pic-100427427344.jpg
100 30 0
100 30 0
100 30 0
0 0 0
0 0 data/pic-100427427346.jpg
100 30 0
100 30 0
100 30 0
0 0 0
0 0 data/pic-100427427348.jpg
100 30 0
100 30 0
100 30 0
0 0 0
0 0 data/pic-100427427349.jpg
100 30 0
100 30 0
100 30 0
0 0 0
0 0 data/pic-10042742735100.jpg
100 30 0
100 30 0
100 30 0
0 0 0
0 0 data/pic-100427427353.jpg
100 30 0
100 30 0
100 30 0
0 0 0
0 0 data/pic-100427427354.jpg
100 30 0
100 30 0
100 30 0
0 0 0
0 0 data/pic-100427427356.jpg
100 30 0
100 30 0
100 30 0
0 0 0
0 0 data/pic-100427427357.jpg
100 30 0
100 30 0
100 30 0
0 0 0
0 0 data/pic-100427427359.jpg
100 30 0
100 30 0
100 30 0
0 0 0
0 0 data/pic-100427427360.jpg
100 30 0
100 30 0
100 30 0
0 0 0
0 0 data/pic-100427427362.jpg
100 30 0
100 30 0
100 30 0
0 0 0
0 0 data/pic-100427427363.jpg
100 30 0
100 30 0
100 30 0
0 0 0
0 0 data/pic-100427427365.jpg
100 100 0
100 100 0
100 100 0
0 0 0
0 0 data/pic-100427427367.jpg
100 100 0
100 100 0
100 100 0
0 0 0
0 0 data/pic-100427427368.jpg
100 100 0
100 100 0
100 100 0
0 0 0
0 0 data/pic-100427427370.jpg
100 100 0
100 100 0
100 100 0
0 0 0
0 0 data/pic-10042742737100.jpg
100 100 0
100 100 0
100 100 0
0 0 0
0 0 data/pic-100427427373.jpg
100 100 0
100 100 0
100 100 0
0 0 0
0 0 data/pic-100427427374.jpg
100 100 0
100 100 0
100 100 0
0 0 0
0 0 data/pic-100427427376.jpg
100 100 0
100 100 0
100 100 0
0 0 0
0 0 data/pic-100427427377.jpg
100 100 0
100 100 0
100 100 0
0 0 0
0 0 data/pic-100427427379.jpg
100 100 0
100 100 0
100 100 0
0 0 0
0 0 data/pic-100427427380.jpg
100 100 0
100 100 0
100 100 0
0 0 0
0 0 data/pic-100427427382.jpg
100 100 0
100 100 0
100 100 0
0 0 0
0 0 data/pic-100427427383.jpg
100 100 0
100 100 0
100 100 0
0 0 0
0 0 data/pic-100427427384.jpg
100 100 0
100 100 0
100 100 0
0 0 0
0 0 data/pic-100427427386.jpg
100 100 0
100 100 0
100 100 0
0 0 0
0 0 data/pic-100427427388.jpg
100 100 0
100 100 0
100 100 0
0 0 0
0 0 data/pic-100427427389.jpg
100 100 0
100 100 0
100 100 0
0 0 0
0 0 data/pic-100427427390.jpg
100 100 0
100 100 0
100 100 0
0 0 0
0 0 data/pic-100427427392.jpg
100 100 0
100 100 0
100 100 0
0 0 0
0 0 data/pic-100427427393.jpg
100 100 0
100 100 0
100 100 0
0 0 0
0 0 data/pic-100427427395.jpg
100 100 0
100 100 0
100 100 0
0 0 0
0 0 data/pic-100427427396.jpg
100 100 0
100 100 0
100 100 0
0 0 0
0 0 data/pic-100427427398.jpg
100 100 0
100 100 0
100 100 0
0 0 0
0 0 data/pic-100427427399.jpg
100 100 0
100 100 0
100 100 0
0 0 0
0 0 data/pic-10042742740100.jpg
100 100 0
100 100 0
100 100 0
0 0 0
0 0 data/pic-100427427402.jpg
100 50 0
100 50 0
100 50 0
0 0 0
0 0 data/pic-100427427404.jpg
100 50 0
100 50 0
100 50 0
0 0 0
0 0 data/pic-100427427405.jpg
100 50 0
100 50 0
100 50 0
0 0 0
0 0 data/pic-100427427407.jpg
100 50 0
100 50 0
100 50 0
0 0 0
0 0 data/pic-100427427408.jpg
100 50 0
100 50 0
100 50 0
0 0 0
0 0 data/pic-10042742741000.jpg
100 50 0
100 50 0
100 50 0
0 0 0
0 0 data/pic-1004274274100100.jpg
100 50 0
100 50 0
100 50 0
0 0 0
0 0 data/pic-10042742741003.jpg
100 100 0
100 100 0
100 100 0
0 0 0
0 0 data/pic-10042742741004.jpg
100 100 0
100 100 0
100 100 0
0 0 0
0 0 data/pic-1004274274160.jpg
100 100 0
100 100 0
100 100 0
0 0 0
0 0 data/pic-10042742741007.jpg
100 100 0
100 100 0
100 100 0
0 0 0
0 0 data/pic-10042742741009.jpg
100 100 0
100 100 0
100 100 0
0 0 0
0 0 data/pic-10042742742100.jpg
100 100 0
100 100 0
100 100 0
0 0 0
0 0 data/pic-100427427422.jpg
100 100 0
100 100 0
100 100 0
0 0 0
0 0 data/pic-100427427424.jpg
100 100 0
100 100 0
100 100 0
0 0 0
0 0 data/pic-10042742725.jpg
100 100 0
100 100 0
100 100 0
0 0 0
0 0 data/pic-100427427427.jpg
100 100 0
100 100 0
100 100 0
0 0 0
0 0 data/pic-100427427428.jpg
100 100 0
100 100 0
100 100 0
0 0 0
0 0 data/pic-100427427430.jpg
100 100 0
100 100 0
100 100 0
0 0 0
0 0 data/pic-10042742743100.jpg
100 100 0
100 100 0
100 100 0
0 0 0
0 0 data/pic-100427427433.jpg
100 100 0
100 100 0
100 100 0
0 0 0
0 0 data/pic-100427427434.jpg
25 60 0
25 60 0
25 60 0
0 0 0
0 0 data/pic-100427427436.jpg
25 60 0
25 60 0
25 60 0
0 0 0
0 0 data/pic-100427427437.jpg
-160 160 0
-160 160 0
-160 160 0
0 0 0
0 0 data/pic-100427427439.jpg
60 60 0
60 60 0
60 60 0
0 0 0
0 0 data/pic-10042742744100.jpg
